100
0 83307 80640
1 88945 82452
2 61498 84131
3 59323 64938
4 81630 85446
5 83077 77209
6 59642 65831
7 90056 78163
8 73219 73524
9 79950 72740
10 54430 55323
11 89173 78162
12 89049 90361
13 88733 88304
14 85085 81402
15 62702 85045
16 42613 32077
17 44113 29951
18 50530 30584
19 35238 49065
20 56854 46482
21 56854 57647
22 43173 40448
23 27243 29445
24 36674 37799
25 48430 41731
26 42415 27298
27 56569 64652
28 46644 64555
29 31600 42090
30 59433 45550
31 37800 43090
32 19780 35724
33 29057 22481
34 49416 47086
35 39409 36233
36 45504 50345
37 18729 20105
38 29270 15185
39 37595 22050
40 39170 23885
41 16500 15796
42 15620 47609
43 44568 34340
44 13700 45488
45 52918 27824
46 32309 38479
47 45198 42801
48 34255 15907
49 8680 15253
50 21458 39493
51 1786 15504
52 9971 37145
53 1021 39521
54 859 3849
55 7708 20612
56 16186 18572
57 3761 2911
58 2620 997
59 35284 37602
60 14793 33865
61 21983 24616
62 18016 31049
63 37008 15989
64 608 25537
65 33623 22441
66 18172 3094
67 30669 11559
68 37208 28988
69 29417 18345
70 13415 38529
71 32609 21728
72 3483 22539
73 29266 32955
74 5783 6760
75 28635 15398
76 14490 32967
77 16322 22823
78 34109 24757
79 29523 37905
80 23229 31658
81 10324 8526
82 26568 10963
83 29426 5072
84 29407 27428
85 8630 3165
86 13717 6287
87 38515 7161
88 32059 17392
89 12156 1973
90 32614 39318
91 29464 37038
92 37522 32474
93 35711 21574
94 35320 29275
95 22984 8127
96 4362 19213
97 2469 48
98 33417 29136
99 1429 18593
100000
