1000
0 2104 2064
1 2068 2052
2 2059 2046
3 2103 2070
4 2057 2047
5 2046 2097
6 2066 2102
7 2085 2042
8 2095 2100
9 2079 2043
10 2066 2078
11 2078 2066
12 2080 2066
13 2061 2049
14 2048 2084
15 2089 2081
16 2096 2103
17 2089 2094
18 2080 2101
19 2069 2043
20 2041 2084
21 2069 2077
22 2043 2070
23 2048 2075
24 2047 2062
25 2077 2044
26 2087 2043
27 2084 2051
28 2066 2052
29 2096 2041
30 2084 2049
31 2092 2042
32 2080 2063
33 2095 2071
34 2047 2083
35 2084 2055
36 2047 2058
37 2066 2091
38 2074 2073
39 2071 2098
40 2091 2068
41 2101 2097
42 2070 2068
43 2043 2054
44 2092 2052
45 2044 2080
46 2067 2101
47 2089 2043
48 2044 2097
49 2065 2053
50 2100 2103
51 2054 2079
52 2061 2103
53 2093 2099
54 2075 2092
55 2079 2085
56 2086 2091
57 2094 2045
58 2078 2059
59 2058 2058
60 2081 2064
61 2043 2100
62 2049 2096
63 2076 2104
64 2054 2086
65 2072 2102
66 2103 2049
67 2099 2065
68 2087 2049
69 2061 2089
70 2066 2062
71 2072 2081
72 2065 2052
73 2055 2084
74 2104 2049
75 2055 2078
76 2050 2046
77 2066 2046
78 2101 2082
79 2101 2084
80 2073 2061
81 2102 2084
82 2041 2089
83 2071 2081
84 2089 2060
85 2060 2086
86 2062 2051
87 2053 2060
88 2071 2086
89 2082 2050
90 2096 2094
91 2045 2091
92 2058 2064
93 2101 2067
94 2070 2097
95 2074 2100
96 2054 2084
97 2084 2086
98 2082 2104
99 2072 2091
100 2096 2061
101 2051 2083
102 2088 2091
103 2089 2059
104 2093 2091
105 2101 2057
106 2072 2052
107 2057 2104
108 2046 2073
109 2055 2104
110 2086 2048
111 2072 2047
112 2098 2044
113 2092 2087
114 2047 2057
115 2087 2075
116 2060 2055
117 2081 2059
118 2072 2098
119 2083 2054
120 2044 2077
121 2087 2097
122 2081 2041
123 2074 2090
124 2076 2072
125 2058 2101
126 2083 2050
127 2103 2068
128 2077 2058
129 2094 2062
130 2096 2053
131 2100 2062
132 2092 2078
133 2102 2069
134 2043 2081
135 2102 2073
136 2076 2096
137 2054 2078
138 2046 2074
139 2080 2049
140 2050 2051
141 2061 2088
142 2046 2045
143 2083 2061
144 2065 2049
145 2064 2045
146 2071 2100
147 2070 2044
148 2063 2096
149 2080 2093
150 2097 2060
151 2094 2097
152 2053 2088
153 2063 2056
154 2056 2094
155 2096 2097
156 2047 2104
157 2066 2102
158 2089 2059
159 2067 2103
160 2064 2067
161 2066 2072
162 2085 2093
163 2056 2086
164 2093 2051
165 2054 2103
166 2091 2094
167 2089 2089
168 2050 2071
169 2065 2057
170 2088 2077
171 2088 2058
172 2097 2057
173 2049 2101
174 2076 2087
175 2045 2077
176 2071 2102
177 2104 2041
178 2075 2067
179 2043 2063
180 2057 2055
181 2049 2083
182 2091 2052
183 2042 2050
184 2082 2094
185 2099 2042
186 2093 2056
187 2058 2086
188 2081 2078
189 2059 2063
190 2071 2089
191 2041 2067
192 2068 2082
193 2076 2044
194 2043 2093
195 2045 2057
196 2060 2083
197 2062 2085
198 2098 2067
199 2054 2069
200 2072 2072
201 2072 2086
202 2077 2069
203 2055 2085
204 2095 2101
205 2067 2047
206 2099 2066
207 2070 2069
208 2046 2095
209 2055 2083
210 2065 2075
211 2094 2096
212 2083 2085
213 2095 2061
214 2056 2043
215 2041 2098
216 2061 2067
217 2085 2104
218 2043 2043
219 2103 2051
220 2073 2070
221 2048 2063
222 2090 2062
223 2062 2076
224 2075 2063
225 2045 2048
226 2080 2090
227 2047 2085
228 2053 2045
229 2048 2046
230 2096 2097
231 2069 2059
232 2060 2059
233 2072 2091
234 2076 2064
235 2082 2086
236 2087 2082
237 2092 2054
238 2086 2083
239 2050 2065
240 2077 2062
241 2079 2097
242 2088 2058
243 2056 2055
244 2044 2091
245 2102 2089
246 2098 2070
247 2097 2042
248 2068 2068
249 2089 2087
250 2085 2102
251 2063 2096
252 2056 2049
253 2099 2064
254 2045 2083
255 2057 2102
256 2044 2054
257 2041 2081
258 2077 2104
259 2041 2062
260 2069 2080
261 2082 2046
262 2076 2050
263 2047 2083
264 2043 2103
265 2083 2074
266 2044 2057
267 2056 2045
268 2097 2088
269 2087 2103
270 2074 2076
271 2089 2048
272 2102 2085
273 2082 2061
274 2076 2076
275 2098 2075
276 2101 2045
277 2099 2069
278 2102 2059
279 2090 2089
280 2045 2074
281 2103 2092
282 2045 2077
283 2063 2100
284 2080 2071
285 2055 2075
286 2070 2058
287 2099 2070
288 2057 2064
289 2104 2094
290 2051 2071
291 2074 2047
292 2066 2101
293 2097 2063
294 2104 2055
295 2101 2067
296 2101 2065
297 2081 2061
298 2092 2085
299 2047 2073
300 2095 2085
301 2077 2065
302 2095 2059
303 2078 2077
304 2065 2102
305 2048 2048
306 2065 2074
307 2044 2089
308 2076 2072
309 2047 2043
310 2050 2067
311 2080 2096
312 2049 2089
313 2052 2075
314 2062 2045
315 2076 2057
316 2086 2066
317 2049 2043
318 2047 2089
319 2045 2076
320 2045 2043
321 2072 2083
322 2055 2041
323 2089 2049
324 2100 2041
325 2056 2041
326 2059 2075
327 2076 2092
328 2047 2070
329 2054 2065
330 2075 2087
331 2065 2055
332 2065 2042
333 2054 2064
334 2086 2051
335 2071 2059
336 2048 2103
337 2104 2045
338 2061 2104
339 2064 2044
340 2094 2057
341 2079 2087
342 2087 2085
343 2049 2098
344 2069 2083
345 2067 2082
346 2092 2092
347 2065 2097
348 2045 2078
349 2062 2043
350 2091 2043
351 2083 2051
352 2102 2070
353 2057 2069
354 2073 2059
355 2086 2071
356 2059 2098
357 2067 2070
358 2045 2079
359 2073 2087
360 2088 2104
361 2057 2094
362 2092 2063
363 2073 2046
364 2049 2103
365 2098 2053
366 2083 2065
367 2089 2071
368 2100 2049
369 2072 2098
370 2098 2089
371 2060 2087
372 2050 2060
373 2058 2080
374 2064 2086
375 2052 2078
376 2084 2044
377 2097 2064
378 2045 2084
379 2076 2064
380 2070 2071
381 2086 2045
382 2101 2046
383 2104 2086
384 2100 2048
385 2084 2053
386 2053 2080
387 2057 2048
388 2101 2066
389 2053 2087
390 2102 2047
391 2074 2083
392 2068 2051
393 2098 2061
394 2050 2103
395 2075 2045
396 2079 2047
397 2084 2070
398 2047 2054
399 2058 2091
400 2057 2060
401 2077 2057
402 2082 2096
403 2079 2065
404 2056 2094
405 2060 2048
406 2058 2083
407 2102 2075
408 2044 2084
409 2053 2082
410 2072 2056
411 2082 2080
412 2070 2058
413 2101 2079
414 2044 2101
415 2052 2083
416 2067 2045
417 2095 2074
418 2044 2091
419 2069 2059
420 2050 2078
421 2071 2056
422 2072 2054
423 2058 2049
424 2098 2046
425 2088 2052
426 2060 2048
427 2067 2071
428 2094 2079
429 2077 2066
430 2091 2044
431 2079 2049
432 2082 2074
433 2075 2057
434 2087 2057
435 2080 2090
436 2071 2095
437 2091 2042
438 2078 2088
439 2097 2101
440 2046 2086
441 2058 2054
442 2041 2085
443 2079 2084
444 2081 2045
445 2090 2083
446 2042 2049
447 2094 2096
448 2080 2052
449 2095 2103
450 2084 2095
451 2069 2056
452 2103 2049
453 2045 2087
454 2079 2094
455 2049 2092
456 2053 2090
457 2097 2052
458 2072 2073
459 2083 2054
460 2081 2078
461 2097 2041
462 2077 2070
463 2052 2086
464 2089 2047
465 2088 2084
466 2067 2092
467 2043 2062
468 2053 2093
469 2073 2104
470 2094 2045
471 2091 2097
472 2076 2104
473 2043 2085
474 2099 2096
475 2051 2061
476 2103 2067
477 2069 2063
478 2089 2099
479 2101 2047
480 2099 2072
481 2042 2062
482 2044 2054
483 2098 2061
484 2091 2065
485 2081 2051
486 2060 2096
487 2097 2092
488 2095 2071
489 2041 2070
490 2100 2063
491 2054 2096
492 2100 2077
493 2085 2043
494 2060 2079
495 2078 2045
496 2102 2045
497 2104 2065
498 2044 2098
499 2075 2064
500 61 20
501 5 22
502 6 25
503 17 17
504 5 33
505 46 45
506 15 44
507 8 4
508 7 11
509 49 25
510 16 30
511 10 19
512 58 57
513 56 8
514 38 8
515 43 29
516 5 45
517 55 17
518 30 17
519 40 21
520 14 42
521 48 12
522 9 47
523 56 34
524 21 8
525 58 38
526 28 21
527 6 62
528 50 60
529 15 58
530 24 59
531 52 5
532 24 7
533 33 7
534 52 16
535 48 10
536 3 64
537 49 9
538 16 45
539 51 3
540 7 41
541 6 19
542 40 57
543 30 2
544 25 61
545 46 53
546 53 38
547 40 47
548 63 11
549 59 36
550 9 42
551 30 17
552 33 51
553 17 43
554 51 15
555 62 17
556 56 40
557 53 19
558 45 35
559 44 64
560 2 4
561 60 14
562 21 61
563 41 54
564 33 44
565 60 15
566 37 45
567 17 1
568 31 2
569 9 31
570 19 46
571 56 38
572 38 52
573 55 52
574 63 31
575 2 31
576 38 41
577 18 35
578 48 59
579 37 2
580 4 21
581 46 19
582 7 42
583 47 41
584 20 51
585 49 28
586 14 13
587 15 22
588 49 23
589 35 5
590 49 27
591 21 33
592 12 20
593 45 15
594 33 16
595 11 1
596 6 23
597 57 52
598 2 3
599 3 57
600 31 18
601 14 56
602 10 1
603 58 50
604 4 48
605 14 32
606 4 5
607 2 4
608 56 8
609 34 32
610 7 59
611 29 50
612 2 52
613 57 51
614 12 47
615 2 12
616 64 57
617 58 34
618 57 34
619 21 15
620 2 18
621 54 60
622 11 10
623 8 28
624 47 52
625 42 30
626 43 19
627 51 27
628 60 10
629 28 48
630 24 7
631 43 6
632 50 9
633 9 12
634 38 7
635 38 32
636 60 26
637 37 48
638 25 2
639 42 24
640 37 1
641 33 1
642 24 6
643 60 10
644 16 52
645 42 35
646 10 27
647 53 51
648 39 49
649 44 50
650 3 4
651 24 4
652 57 29
653 56 64
654 12 49
655 35 56
656 60 46
657 14 2
658 44 12
659 7 40
660 62 40
661 32 54
662 9 4
663 32 28
664 25 10
665 56 38
666 41 32
667 33 19
668 22 8
669 48 55
670 36 52
671 12 5
672 21 39
673 48 10
674 28 7
675 30 41
676 53 63
677 47 7
678 55 16
679 54 45
680 8 18
681 55 55
682 38 38
683 6 9
684 24 45
685 50 44
686 63 8
687 37 40
688 28 2
689 37 62
690 5 41
691 52 58
692 62 51
693 10 45
694 23 11
695 26 4
696 8 14
697 40 48
698 16 59
699 22 35
700 17 58
701 4 25
702 64 4
703 21 56
704 33 63
705 57 45
706 8 25
707 33 5
708 9 29
709 48 33
710 64 7
711 42 46
712 10 8
713 3 15
714 58 23
715 40 2
716 15 49
717 26 34
718 18 29
719 48 33
720 54 13
721 51 49
722 30 59
723 58 11
724 5 26
725 9 45
726 12 31
727 50 19
728 6 53
729 10 63
730 57 46
731 51 35
732 21 38
733 16 38
734 7 5
735 64 44
736 59 1
737 4 22
738 24 55
739 59 33
740 61 64
741 2 12
742 23 12
743 35 42
744 64 32
745 8 63
746 5 50
747 56 49
748 5 45
749 28 13
750 23 40
751 47 15
752 15 56
753 40 43
754 9 57
755 1 35
756 50 7
757 52 13
758 8 51
759 54 53
760 11 34
761 2 29
762 33 13
763 15 3
764 21 11
765 63 1
766 61 7
767 17 41
768 52 6
769 34 64
770 7 37
771 12 34
772 50 26
773 21 64
774 28 53
775 41 2
776 62 7
777 25 61
778 46 21
779 7 10
780 50 3
781 10 27
782 15 62
783 21 36
784 48 1
785 20 24
786 14 61
787 32 21
788 19 44
789 14 27
790 23 47
791 32 23
792 18 45
793 63 26
794 57 22
795 60 51
796 8 49
797 47 45
798 31 40
799 58 1
800 61 5
801 61 32
802 53 59
803 38 30
804 21 42
805 30 7
806 60 24
807 23 26
808 29 45
809 18 32
810 13 57
811 55 16
812 60 18
813 42 13
814 34 45
815 26 33
816 59 26
817 54 59
818 16 4
819 9 8
820 27 36
821 37 62
822 55 26
823 49 62
824 32 63
825 49 8
826 52 60
827 5 5
828 49 19
829 64 41
830 46 46
831 28 25
832 51 53
833 36 27
834 39 54
835 1 58
836 42 12
837 45 63
838 19 52
839 10 18
840 2 63
841 2 18
842 38 50
843 41 46
844 21 41
845 9 1
846 14 58
847 26 64
848 33 31
849 33 6
850 41 30
851 61 48
852 61 23
853 33 42
854 57 6
855 44 15
856 23 32
857 1 13
858 1 37
859 7 20
860 29 36
861 62 50
862 22 2
863 33 64
864 30 33
865 4 21
866 17 37
867 40 32
868 15 34
869 56 54
870 16 38
871 63 54
872 49 46
873 43 7
874 11 57
875 21 59
876 44 64
877 39 30
878 21 23
879 39 55
880 12 19
881 35 32
882 53 17
883 14 19
884 41 45
885 37 49
886 30 50
887 47 57
888 6 42
889 10 43
890 30 14
891 13 3
892 2 54
893 58 55
894 31 45
895 42 4
896 14 46
897 57 37
898 11 46
899 56 55
900 40 40
901 40 42
902 21 48
903 26 38
904 2 42
905 25 8
906 18 21
907 3 60
908 8 35
909 23 32
910 54 25
911 7 14
912 49 57
913 49 33
914 8 23
915 20 37
916 31 4
917 61 49
918 56 50
919 28 56
920 35 15
921 51 61
922 29 7
923 59 39
924 64 59
925 44 58
926 31 5
927 62 6
928 9 13
929 37 54
930 16 45
931 60 4
932 40 62
933 50 47
934 20 48
935 19 30
936 64 18
937 30 60
938 57 10
939 22 7
940 1 47
941 38 64
942 20 39
943 25 23
944 37 39
945 49 2
946 24 27
947 50 38
948 5 13
949 54 40
950 45 2
951 19 24
952 10 30
953 13 1
954 26 52
955 56 10
956 3 25
957 34 11
958 27 25
959 19 4
960 39 35
961 48 22
962 23 7
963 36 40
964 62 43
965 20 28
966 45 56
967 18 2
968 29 49
969 39 38
970 63 26
971 6 35
972 64 1
973 31 59
974 54 27
975 55 35
976 26 53
977 40 17
978 16 64
979 22 14
980 38 37
981 27 17
982 14 27
983 58 53
984 55 49
985 5 21
986 10 23
987 49 8
988 34 54
989 11 44
990 29 18
991 4 35
992 23 50
993 48 63
994 2 64
995 62 16
996 20 46
997 53 64
998 21 7
999 19 51
4000
